MJD,time_since_peak,L_ergs,eL_ergs,R_cm,eR_cm,T_K,eT_K
58162.18,0.00,43.74,0.03,14.43,0.01,4.51,0.01
58164.22,2.00,43.70,0.03,14.42,0.01,4.50,0.01
58166.26,4.00,43.66,0.02,14.40,0.01,4.50,0.01
58169.32,7.00,43.61,0.02,14.38,0.01,4.50,0.01
58172.38,10.00,43.57,0.02,14.37,0.01,4.49,0.01
58174.42,12.00,43.54,0.02,14.36,0.01,4.49,0.01
58175.45,13.00,43.53,0.02,14.36,0.01,4.49,0.01
58178.51,16.00,43.49,0.02,14.34,0.01,4.49,0.01
58181.57,19.00,43.46,0.02,14.33,0.01,4.48,0.01
58183.61,21.00,43.44,0.02,14.33,0.01,4.48,0.01
58186.67,24.00,43.41,0.02,14.32,0.01,4.48,0.01
58190.75,28.00,43.38,0.02,14.31,0.02,4.47,0.01
58193.82,31.00,43.35,0.02,14.30,0.02,4.47,0.01
58199.94,37.00,43.31,0.02,14.27,0.01,4.48,0.01
58200.96,38.00,43.30,0.02,14.27,0.01,4.48,0.01
58204.02,41.00,43.28,0.02,14.26,0.01,4.48,0.01
58207.08,44.00,43.26,0.02,14.24,0.01,4.48,0.01
58210.14,47.00,43.24,0.02,14.23,0.01,4.48,0.01
58213.21,50.00,43.22,0.02,14.22,0.01,4.48,0.01
58216.27,53.00,43.21,0.02,14.21,0.01,4.48,0.01
58219.33,56.00,43.19,0.02,14.20,0.01,4.49,0.01
58222.39,59.00,43.18,0.02,14.19,0.02,4.49,0.01
58224.43,61.00,43.17,0.02,14.18,0.02,4.49,0.01
58225.45,62.00,43.16,0.02,14.18,0.02,4.49,0.01
58228.52,65.00,43.15,0.02,14.16,0.01,4.49,0.01
58230.56,67.00,43.14,0.02,14.16,0.01,4.49,0.01
58231.58,68.00,43.13,0.02,14.15,0.01,4.49,0.01
58236.68,73.00,43.11,0.02,14.13,0.01,4.50,0.01
58239.74,76.00,43.10,0.02,14.12,0.01,4.50,0.01
58242.80,79.00,43.09,0.02,14.11,0.01,4.50,0.01
58245.87,82.00,43.07,0.02,14.10,0.02,4.51,0.01
58247.91,84.00,43.07,0.02,14.09,0.02,4.51,0.01
58248.93,85.00,43.06,0.02,14.09,0.02,4.51,0.01
58251.99,88.00,43.05,0.02,14.08,0.02,4.51,0.01
58258.11,94.00,43.03,0.02,14.04,0.02,4.53,0.01
58260.15,96.00,43.02,0.02,14.02,0.02,4.53,0.01
58270.36,106.00,42.99,0.02,13.94,0.01,4.56,0.01
58273.42,109.00,42.98,0.02,13.92,0.01,4.57,0.01
58276.48,112.00,42.97,0.02,13.90,0.01,4.58,0.01
58279.54,115.00,42.97,0.02,13.87,0.01,4.59,0.01
58280.56,116.00,42.96,0.02,13.86,0.01,4.60,0.01
58282.61,118.00,42.96,0.02,13.85,0.01,4.60,0.01
58284.65,120.00,42.95,0.02,13.83,0.01,4.61,0.01
58288.73,124.00,42.94,0.02,13.82,0.01,4.61,0.01
58290.77,126.00,42.93,0.02,13.82,0.01,4.61,0.01
58293.83,129.00,42.93,0.02,13.81,0.01,4.61,0.01
58294.85,130.00,42.92,0.02,13.81,0.01,4.61,0.01
58296.89,132.00,42.92,0.02,13.80,0.01,4.62,0.01
58299.96,135.00,42.91,0.02,13.79,0.01,4.62,0.01
58303.02,138.00,42.90,0.02,13.79,0.01,4.62,0.01
58307.10,142.00,42.89,0.02,13.78,0.01,4.62,0.01
58308.12,143.00,42.89,0.02,13.77,0.01,4.62,0.01
58310.16,145.00,42.89,0.02,13.77,0.01,4.62,0.01
58318.33,153.00,42.87,0.02,13.75,0.01,4.63,0.01
58321.39,156.00,42.86,0.02,13.75,0.01,4.63,0.01
58324.45,159.00,42.85,0.02,13.74,0.01,4.63,0.01
58327.51,162.00,42.85,0.02,13.74,0.01,4.63,0.01
58343.84,178.00,42.82,0.02,13.71,0.02,4.63,0.01
58346.90,181.00,42.81,0.02,13.71,0.02,4.63,0.01
58349.96,184.00,42.80,0.02,13.71,0.02,4.63,0.01
58353.03,187.00,42.80,0.02,13.70,0.01,4.63,0.01
58354.05,188.00,42.80,0.02,13.70,0.01,4.63,0.01
58357.11,191.00,42.79,0.02,13.70,0.01,4.64,0.01
58359.15,193.00,42.79,0.02,13.70,0.01,4.64,0.01
58362.21,196.00,42.78,0.02,13.69,0.01,4.64,0.01
58365.27,199.00,42.78,0.02,13.69,0.02,4.64,0.01
58366.29,200.00,42.77,0.02,13.69,0.02,4.64,0.01
58371.40,205.00,42.77,0.02,13.68,0.02,4.64,0.01
58374.46,208.00,42.76,0.02,13.68,0.02,4.64,0.01
58396.91,230.00,42.72,0.02,13.68,0.02,4.63,0.01
58397.93,231.00,42.72,0.02,13.68,0.02,4.63,0.01
58400.99,234.00,42.72,0.02,13.68,0.02,4.63,0.01
58407.12,240.00,42.71,0.02,13.68,0.02,4.63,0.01
58409.16,242.00,42.71,0.02,13.68,0.02,4.62,0.01
58413.24,246.00,42.70,0.02,13.70,0.02,4.61,0.01
58417.32,250.00,42.69,0.02,13.71,0.03,4.61,0.02
58511.22,342.00,42.58,0.02,13.71,0.03,4.58,0.02
58524.48,355.00,42.56,0.02,13.60,0.03,4.63,0.02
58534.69,365.00,42.55,0.02,13.59,0.03,4.63,0.02
58545.91,376.00,42.54,0.03,13.64,0.03,4.60,0.02
58546.94,377.00,42.54,0.03,13.65,0.04,4.60,0.02
58582.66,412.00,42.51,0.03,13.65,0.03,4.59,0.02
58593.88,423.00,42.50,0.03,13.66,0.03,4.58,0.02
58605.11,434.00,42.49,0.03,13.66,0.03,4.58,0.02
58706.15,533.00,42.41,0.03,13.71,0.04,4.54,0.02
58807.18,632.00,42.35,0.03,13.74,0.04,4.50,0.03
58994.97,816.00,42.25,0.03,13.81,0.06,4.45,0.03
59395.04,1208.00,42.10,0.04,13.95,0.07,4.34,0.04
59767.55,1573.00,41.99,0.04,13.90,0.07,4.34,0.04
59768.57,1574.00,41.99,0.04,13.90,0.07,4.34,0.04
59769.59,1575.00,41.99,0.04,13.90,0.07,4.34,0.04
