MJD,time_since_peak,L_ergs,eL_ergs,R_cm,eR_cm,T_K,eT_K
70792.31,-41.59,43.48,0.07,15.13,0.07,4.09,0.05
70815.34,-22.59,44.31,0.05,15.48,0.05,4.12,0.04
70822.61,-16.59,44.46,0.05,15.50,0.05,4.15,0.03
70873.52,25.41,44.50,0.04,15.46,0.04,4.18,0.03
70884.42,34.41,44.48,0.03,15.44,0.04,4.19,0.03
70897.76,45.41,44.45,0.03,15.37,0.03,4.22,0.02
70902.60,49.41,44.43,0.03,15.34,0.03,4.22,0.02
70918.36,62.41,44.40,0.02,15.27,0.03,4.25,0.02
70930.48,72.41,44.37,0.02,15.26,0.02,4.25,0.01
70931.69,73.41,44.37,0.02,15.26,0.02,4.25,0.01
70932.90,74.41,44.37,0.02,15.26,0.02,4.25,0.01
70935.33,76.41,44.36,0.02,15.26,0.02,4.25,0.01
70938.96,79.41,44.36,0.02,15.25,0.01,4.25,0.01
70945.02,84.41,44.35,0.02,15.25,0.01,4.25,0.01
70949.87,88.41,44.34,0.02,15.25,0.02,4.25,0.01
70953.51,91.41,44.33,0.02,15.25,0.02,4.25,0.01
70959.57,96.41,44.32,0.01,15.24,0.01,4.25,0.01
70960.78,97.41,44.32,0.01,15.24,0.01,4.24,0.01
70964.42,100.41,44.31,0.01,15.24,0.01,4.24,0.01
70965.63,101.41,44.31,0.01,15.24,0.01,4.24,0.01
70966.84,102.41,44.31,0.01,15.24,0.01,4.24,0.01
70969.26,104.41,44.30,0.01,15.24,0.01,4.24,0.01
70971.69,106.41,44.30,0.01,15.24,0.01,4.24,0.01
70972.90,107.41,44.30,0.01,15.24,0.01,4.24,0.01
70974.11,108.41,44.29,0.01,15.24,0.01,4.24,0.01
70975.32,109.41,44.29,0.01,15.24,0.01,4.24,0.01
70976.54,110.41,44.29,0.01,15.24,0.01,4.24,0.01
70977.75,111.41,44.29,0.01,15.24,0.01,4.24,0.01
70978.96,112.41,44.29,0.01,15.24,0.01,4.24,0.01
70980.17,113.41,44.28,0.01,15.24,0.01,4.24,0.01
70981.38,114.41,44.28,0.01,15.24,0.01,4.24,0.01
70982.60,115.41,44.28,0.01,15.24,0.01,4.24,0.01
70983.81,116.41,44.28,0.01,15.24,0.01,4.24,0.01
70985.02,117.41,44.28,0.01,15.24,0.01,4.24,0.01
70987.44,119.41,44.27,0.01,15.24,0.01,4.24,0.01
70988.66,120.41,44.27,0.01,15.24,0.01,4.23,0.01
70989.87,121.41,44.27,0.01,15.24,0.01,4.23,0.01
70991.08,122.41,44.27,0.01,15.24,0.01,4.23,0.01
70992.29,123.41,44.26,0.01,15.24,0.01,4.23,0.01
70997.14,127.41,44.26,0.01,15.24,0.01,4.23,0.01
70999.56,129.41,44.25,0.01,15.23,0.01,4.23,0.01
71004.41,133.41,44.24,0.01,15.23,0.01,4.23,0.01
71008.05,136.41,44.24,0.01,15.23,0.01,4.23,0.01
71009.26,137.41,44.24,0.01,15.23,0.01,4.23,0.01
71010.47,138.41,44.23,0.01,15.23,0.01,4.23,0.01
71018.96,145.41,44.22,0.01,15.23,0.01,4.23,0.01
71020.17,146.41,44.22,0.01,15.23,0.01,4.23,0.01
71023.80,149.41,44.21,0.01,15.22,0.01,4.23,0.01
71027.44,152.41,44.21,0.01,15.22,0.01,4.23,0.01
71028.65,153.41,44.21,0.01,15.22,0.01,4.23,0.01
71029.86,154.41,44.20,0.01,15.22,0.01,4.23,0.01
71031.08,155.41,44.20,0.01,15.22,0.01,4.23,0.01
71032.29,156.41,44.20,0.01,15.21,0.01,4.23,0.01
71033.50,157.41,44.20,0.01,15.21,0.01,4.23,0.01
71034.71,158.41,44.20,0.01,15.21,0.01,4.23,0.01
71035.92,159.41,44.20,0.01,15.21,0.01,4.23,0.01
71037.14,160.41,44.19,0.01,15.21,0.01,4.23,0.01
71038.35,161.41,44.19,0.01,15.21,0.01,4.23,0.01
71039.56,162.41,44.19,0.01,15.20,0.01,4.23,0.01
71040.77,163.41,44.19,0.01,15.20,0.01,4.23,0.01
71041.98,164.41,44.19,0.01,15.20,0.01,4.23,0.01
71044.41,166.41,44.18,0.01,15.20,0.01,4.23,0.01
71045.62,167.41,44.18,0.01,15.20,0.01,4.23,0.01
71046.83,168.41,44.18,0.01,15.19,0.01,4.23,0.01
71049.26,170.41,44.18,0.01,15.19,0.01,4.24,0.01
71050.47,171.41,44.18,0.01,15.19,0.01,4.24,0.01
71051.68,172.41,44.17,0.02,15.19,0.01,4.24,0.01
71052.89,173.41,44.17,0.02,15.19,0.01,4.24,0.01
71054.10,174.41,44.17,0.02,15.18,0.01,4.24,0.01
71055.32,175.41,44.17,0.02,15.18,0.01,4.24,0.01
71056.53,176.41,44.17,0.02,15.18,0.01,4.24,0.01
71057.74,177.41,44.17,0.02,15.18,0.01,4.24,0.01
71058.95,178.41,44.16,0.02,15.18,0.01,4.24,0.01
71060.16,179.41,44.16,0.02,15.18,0.01,4.24,0.01
71061.38,180.41,44.16,0.02,15.17,0.01,4.24,0.01
71062.59,181.41,44.16,0.02,15.17,0.01,4.24,0.01
71063.80,182.41,44.16,0.02,15.17,0.01,4.24,0.01
71065.01,183.41,44.16,0.02,15.17,0.01,4.24,0.01
71066.22,184.41,44.15,0.02,15.16,0.01,4.24,0.01
71067.44,185.41,44.15,0.02,15.16,0.01,4.24,0.01
71069.86,187.41,44.15,0.02,15.16,0.01,4.25,0.01
71071.07,188.41,44.15,0.02,15.15,0.01,4.25,0.01
71072.28,189.41,44.15,0.02,15.15,0.01,4.25,0.01
71073.50,190.41,44.14,0.02,15.15,0.01,4.25,0.01
71074.71,191.41,44.14,0.02,15.14,0.01,4.25,0.01
71075.92,192.41,44.14,0.02,15.14,0.01,4.25,0.01
71077.13,193.41,44.14,0.02,15.14,0.01,4.25,0.01
71078.34,194.41,44.14,0.02,15.14,0.01,4.25,0.01
71079.56,195.41,44.14,0.02,15.13,0.01,4.25,0.01
71081.98,197.41,44.13,0.02,15.13,0.01,4.26,0.01
71083.19,198.41,44.13,0.02,15.12,0.01,4.26,0.01
71084.40,199.41,44.13,0.02,15.12,0.01,4.26,0.01
71085.62,200.41,44.13,0.02,15.12,0.01,4.26,0.01
71088.04,202.41,44.13,0.02,15.11,0.01,4.26,0.01
71089.25,203.41,44.12,0.02,15.11,0.01,4.26,0.01
71090.46,204.41,44.12,0.02,15.11,0.01,4.26,0.01
71091.68,205.41,44.12,0.02,15.10,0.02,4.27,0.01
71095.31,208.41,44.12,0.02,15.09,0.02,4.27,0.01
71096.52,209.41,44.12,0.02,15.09,0.02,4.27,0.01
71098.95,211.41,44.11,0.02,15.09,0.02,4.27,0.01
71100.16,212.41,44.11,0.02,15.09,0.02,4.27,0.01
71101.37,213.41,44.11,0.02,15.09,0.02,4.27,0.01
71102.58,214.41,44.11,0.02,15.09,0.02,4.27,0.01
71103.80,215.41,44.11,0.02,15.09,0.02,4.27,0.01
71105.01,216.41,44.10,0.02,15.09,0.01,4.27,0.01
71106.22,217.41,44.10,0.02,15.08,0.01,4.27,0.01
71107.43,218.41,44.10,0.02,15.08,0.01,4.27,0.01
71109.86,220.41,44.10,0.02,15.08,0.01,4.27,0.01
71112.28,222.41,44.10,0.02,15.08,0.01,4.27,0.01
71114.70,224.41,44.09,0.02,15.08,0.02,4.27,0.01
71117.13,226.41,44.09,0.02,15.08,0.02,4.27,0.01
71118.34,227.41,44.09,0.02,15.08,0.02,4.27,0.01
71119.55,228.41,44.09,0.02,15.08,0.02,4.27,0.01
71121.98,230.41,44.08,0.02,15.08,0.02,4.27,0.01
71123.19,231.41,44.08,0.02,15.08,0.02,4.27,0.01
71124.40,232.41,44.08,0.02,15.08,0.02,4.27,0.01
71125.61,233.41,44.08,0.02,15.07,0.02,4.27,0.01
71126.82,234.41,44.08,0.02,15.07,0.02,4.27,0.01
71129.25,236.41,44.08,0.02,15.07,0.02,4.27,0.02
71130.46,237.41,44.07,0.02,15.07,0.02,4.27,0.02
71131.67,238.41,44.07,0.02,15.07,0.02,4.27,0.02
71132.88,239.41,44.07,0.02,15.07,0.02,4.27,0.02
71135.31,241.41,44.07,0.02,15.07,0.02,4.27,0.02
71136.52,242.41,44.07,0.03,15.07,0.02,4.27,0.02
71138.94,244.41,44.06,0.03,15.07,0.02,4.27,0.02
71141.37,246.41,44.06,0.03,15.08,0.02,4.26,0.02
71149.85,253.41,44.05,0.03,15.08,0.03,4.26,0.02
71155.91,258.41,44.05,0.03,15.08,0.04,4.26,0.02
71163.18,264.41,44.04,0.03,15.08,0.05,4.26,0.03
71169.24,269.41,44.03,0.03,15.09,0.07,4.25,0.03
71172.88,272.41,44.03,0.03,15.08,0.06,4.25,0.03
71176.52,275.41,44.02,0.03,15.08,0.07,4.25,0.04
